{
 "cells": [
  {
   "cell_type": "markdown",
   "metadata": {},
   "source": [
    "> # Fuzzy c Means Clustering"
   ]
  },
  {
   "cell_type": "code",
   "execution_count": 1,
   "metadata": {},
   "outputs": [],
   "source": [
    "import pandas as pd\n",
    "import numpy as np\n",
    "import operator\n",
    "import math\n",
    "import matplotlib.pyplot as plt\n",
    "import random\n",
    "from numpy import *"
   ]
  },
  {
   "cell_type": "markdown",
   "metadata": {},
   "source": [
    "> ### Preprocessing of the data set for fuzzy c means:\n",
    "> ##### [1] Only two columns Data speed and Signal strength are read\n",
    "> ##### [2] All float objects are converted to int type after scaling normalized Data speed\n",
    "> ##### [3] Random sampling of of the dataset is done"
   ]
  },
  {
   "cell_type": "code",
   "execution_count": 2,
   "metadata": {},
   "outputs": [
    {
     "data": {
      "text/html": [
       "<div>\n",
       "<style scoped>\n",
       "    .dataframe tbody tr th:only-of-type {\n",
       "        vertical-align: middle;\n",
       "    }\n",
       "\n",
       "    .dataframe tbody tr th {\n",
       "        vertical-align: top;\n",
       "    }\n",
       "\n",
       "    .dataframe thead th {\n",
       "        text-align: right;\n",
       "    }\n",
       "</style>\n",
       "<table border=\"1\" class=\"dataframe\">\n",
       "  <thead>\n",
       "    <tr style=\"text-align: right;\">\n",
       "      <th></th>\n",
       "      <th>Data_Speed</th>\n",
       "      <th>Signal_Strength</th>\n",
       "    </tr>\n",
       "  </thead>\n",
       "  <tbody>\n",
       "    <tr>\n",
       "      <td>9144709</td>\n",
       "      <td>-2147483648</td>\n",
       "      <td>-59</td>\n",
       "    </tr>\n",
       "    <tr>\n",
       "      <td>126651</td>\n",
       "      <td>678532509</td>\n",
       "      <td>-98</td>\n",
       "    </tr>\n",
       "    <tr>\n",
       "      <td>3884875</td>\n",
       "      <td>482124646</td>\n",
       "      <td>-74</td>\n",
       "    </tr>\n",
       "    <tr>\n",
       "      <td>3601153</td>\n",
       "      <td>159406348</td>\n",
       "      <td>-82</td>\n",
       "    </tr>\n",
       "    <tr>\n",
       "      <td>8807463</td>\n",
       "      <td>347877240</td>\n",
       "      <td>-105</td>\n",
       "    </tr>\n",
       "    <tr>\n",
       "      <td>...</td>\n",
       "      <td>...</td>\n",
       "      <td>...</td>\n",
       "    </tr>\n",
       "    <tr>\n",
       "      <td>3230732</td>\n",
       "      <td>202006321</td>\n",
       "      <td>-100</td>\n",
       "    </tr>\n",
       "    <tr>\n",
       "      <td>6748239</td>\n",
       "      <td>-2147483648</td>\n",
       "      <td>-61</td>\n",
       "    </tr>\n",
       "    <tr>\n",
       "      <td>641722</td>\n",
       "      <td>393752270</td>\n",
       "      <td>-106</td>\n",
       "    </tr>\n",
       "    <tr>\n",
       "      <td>7152059</td>\n",
       "      <td>15460461</td>\n",
       "      <td>-104</td>\n",
       "    </tr>\n",
       "    <tr>\n",
       "      <td>5027994</td>\n",
       "      <td>19091566</td>\n",
       "      <td>-6</td>\n",
       "    </tr>\n",
       "  </tbody>\n",
       "</table>\n",
       "<p>12649 rows × 2 columns</p>\n",
       "</div>"
      ],
      "text/plain": [
       "         Data_Speed  Signal_Strength\n",
       "9144709 -2147483648              -59\n",
       "126651    678532509              -98\n",
       "3884875   482124646              -74\n",
       "3601153   159406348              -82\n",
       "8807463   347877240             -105\n",
       "...             ...              ...\n",
       "3230732   202006321             -100\n",
       "6748239 -2147483648              -61\n",
       "641722    393752270             -106\n",
       "7152059    15460461             -104\n",
       "5027994    19091566               -6\n",
       "\n",
       "[12649 rows x 2 columns]"
      ]
     },
     "execution_count": 2,
     "metadata": {},
     "output_type": "execute_result"
    }
   ],
   "source": [
    "data=pd.read_csv ('../data/mergedData.csv',usecols=['Data_Speed','Signal_Strength'])\n",
    "columns = list(data.columns)\n",
    "features = columns[:len(columns)]\n",
    "data['Signal_Strength']=data.Signal_Strength.astype(int)\n",
    "df = pd.DataFrame(data)\n",
    "df[\"Data_Speed\"] = 10000000000 * df[\"Data_Speed\"]\n",
    "data['Data_Speed']=data.Data_Speed.astype(int)\n",
    "Sample=df.sample(frac=0.001)\n",
    "Sample"
   ]
  },
  {
   "cell_type": "markdown",
   "metadata": {},
   "source": [
    "> # passing the parameters for no.of clusters"
   ]
  },
  {
   "cell_type": "code",
   "execution_count": 3,
   "metadata": {},
   "outputs": [],
   "source": [
    "df = Sample[features]\n",
    "attribute_count = len(df.columns)\n",
    "k = 4 \n",
    "MAX_ITER = 100\n",
    "n = len(df)\n",
    "m = 2.00"
   ]
  },
  {
   "cell_type": "markdown",
   "metadata": {},
   "source": [
    "> # initializing membership matrix for randomly sampled data points "
   ]
  },
  {
   "cell_type": "code",
   "execution_count": 4,
   "metadata": {},
   "outputs": [],
   "source": [
    "def initializeMembershipMatrix():\n",
    "    membership_mat = list()\n",
    "    for i in range(n):\n",
    "        random_num_list = [random.random() for i in range(k)]\n",
    "        summation = sum(random_num_list)\n",
    "        temp_list = [x / summation for x in random_num_list]  #First normalization\n",
    "        membership_mat.append(temp_list)\n",
    "    return membership_mat"
   ]
  },
  {
   "cell_type": "markdown",
   "metadata": {},
   "source": [
    "> # Calculating cluster centers from membership matrix"
   ]
  },
  {
   "cell_type": "code",
   "execution_count": 5,
   "metadata": {},
   "outputs": [],
   "source": [
    "def calculateClusterCenter(membership_mat):\n",
    "    cluster_mem_val = zip(*membership_mat)\n",
    "    cluster_centers = list()\n",
    "    cluster_mem_val_list = list(cluster_mem_val)\n",
    "    for j in range(k):\n",
    "        x = cluster_mem_val_list[j]\n",
    "        xraised = [e ** m for e in x]\n",
    "        denominator = sum(xraised)\n",
    "        temp_num = list()\n",
    "        for i in range(n):\n",
    "            data_point = list(df.iloc[i])\n",
    "            prod = [xraised[i] * val for val in data_point]\n",
    "            temp_num.append(prod)\n",
    "        numerator = map(sum, zip(*temp_num))\n",
    "        center = [z / denominator for z in numerator]  # Each dimension must be calculated.\n",
    "        cluster_centers.append(center)\n",
    "    return cluster_centers"
   ]
  },
  {
   "cell_type": "markdown",
   "metadata": {},
   "source": [
    "> # Updating the values of membership matrix"
   ]
  },
  {
   "cell_type": "code",
   "execution_count": 6,
   "metadata": {},
   "outputs": [],
   "source": [
    "def updateMembershipValue(membership_mat, cluster_centers):\n",
    "    #    p = float(2/(m-1))\n",
    "    data = []\n",
    "    for i in range(n):\n",
    "        x = list(df.iloc[i])  # Take out each line of data in the file\n",
    "        data.append(x)\n",
    "        distances = [np.linalg.norm(list(map(operator.sub, x, cluster_centers[j]))) for j in range(k)]\n",
    "        for j in range(k):\n",
    "            den = sum([math.pow(float(distances[j] / distances[c]), 2) for c in range(k)])\n",
    "            membership_mat[i][j] = float(1 / den)\n",
    "    return membership_mat, data"
   ]
  },
  {
   "cell_type": "markdown",
   "metadata": {},
   "source": [
    "> # Cluster labling the data points"
   ]
  },
  {
   "cell_type": "code",
   "execution_count": 23,
   "metadata": {},
   "outputs": [],
   "source": [
    "def getClusters(membership_mat):\n",
    "    cluster_labels = list()\n",
    "    for i in range(n):\n",
    "        max_val, idx = max((val, idx) for (idx, val) in enumerate(membership_mat[i]))\n",
    "        cluster_labels.append(idx)\n",
    "    return cluster_labels"
   ]
  },
  {
   "cell_type": "markdown",
   "metadata": {},
   "source": [
    "> # Defining fcmeans function with updated values through iterations"
   ]
  },
  {
   "cell_type": "code",
   "execution_count": 8,
   "metadata": {},
   "outputs": [],
   "source": [
    "def fuzzyCMeansClustering():\n",
    "    # \n",
    "    membership_mat = initializeMembershipMatrix()\n",
    "    curr = 0\n",
    "    while curr <= MAX_ITER:  # The maximum number of iterations\n",
    "        cluster_centers = calculateClusterCenter(membership_mat)\n",
    "        membership_mat, data = updateMembershipValue(membership_mat, cluster_centers)\n",
    "        cluster_labels = getClusters(membership_mat)\n",
    "        curr += 1\n",
    "    print(membership_mat)\n",
    "    return cluster_labels, cluster_centers, data, membership_mat"
   ]
  },
  {
   "cell_type": "markdown",
   "metadata": {},
   "source": [
    "> # Data point labels ; Cluster centers ; plot of clustered dataset with centres"
   ]
  },
  {
   "cell_type": "code",
   "execution_count": 9,
   "metadata": {},
   "outputs": [
    {
     "name": "stdout",
     "output_type": "stream",
     "text": [
      "[[8.266441497575434e-09, 4.704083189602619e-09, 1.227964388489877e-08, 0.9999999747498314], [0.976659517142068, 0.007256746091186989, 0.015463889242948184, 0.0006198475237970343], [0.883219633637736, 0.01325206643367841, 0.1015251403255845, 0.0020031596030009044], [0.01069746453326934, 0.0011865330196148272, 0.9877125824165471, 0.0004034200305686773], [0.43872931950710975, 0.022082959414227443, 0.5344433115224185, 0.004744409556244252], [0.9441164071383661, 0.007874567157140683, 0.046927989037330246, 0.001081036667163099], [0.032959120091910155, 0.005369263455365002, 0.959037462587174, 0.0026341538655507194], [0.008827593346229729, 0.0012641716388250162, 0.9893683690858731, 0.000539865929072176], [0.008857551709755516, 0.0012687438522702588, 0.9893317646788723, 0.0005419397591018818], [0.9992835386946877, 0.00017212936774811913, 0.0005266960942272804, 1.763584333682801e-05], [0.013114415483790502, 0.0019333591056390675, 0.9841017460387896, 0.0008504793717807221], [0.1439242541688461, 0.011331352385193146, 0.8416976105757028, 0.0030467828702579786], [0.00373978528613574, 0.0005119847588055201, 0.9955390655812368, 0.00020916437382184996], [0.13698022011104957, 0.8148355661604407, 0.04336197929057549, 0.004822234437934233], [8.266441670858834e-09, 4.7040832882108924e-09, 1.2279644142308007e-08, 0.9999999747498309], [0.0040500035183170515, 0.00047190133322407945, 0.9953111305551741, 0.00016696459328499548], [0.01760240199382096, 0.001883614479941262, 0.9798911827990544, 0.0006228007271833039], [0.9861545700378709, 0.00400664207968609, 0.009477506041020484, 0.00036128184142254945], [0.10652616016906748, 0.8545200920618946, 0.034944927934551305, 0.004008819834486682], [0.0017014967130162442, 0.9975152180730724, 0.0006867148301179795, 9.657038379340902e-05], [0.0013002233324126877, 0.00017213085291839186, 0.9984595233351746, 6.812247949424879e-05], [0.012522478769452111, 0.0013745620482309218, 0.9856394251985415, 0.000463533983775427], [0.9076659592073709, 0.03878850320349546, 0.05101123865207689, 0.0025342989370569285], [0.8772525293648887, 0.056279583393205976, 0.06312278289402423, 0.003345104347881067], [0.03106625043712562, 0.005019436842947759, 0.9614748861465581, 0.0024394265733685564], [5.590786217393853e-06, 7.039585014053067e-07, 0.9999934390743679, 2.661809132067694e-07], [0.12855544562952184, 0.7824360711134163, 0.07291169033604845, 0.0160967929210135], [0.890017269634062, 0.048701449242762554, 0.05827204794854, 0.0030092331746354446], [0.09161799736141563, 0.007957358772270494, 0.8981516029690605, 0.0022730408972534435], [0.9997995629832247, 4.693043939486332e-05, 0.00014861864862083217, 4.887928759579387e-06], [0.03233919820769455, 0.005254200035641749, 0.9598368096084771, 0.0025697921481866036], [0.017646650707289754, 0.002671202863356524, 0.978473992805852, 0.0012081536235017147], [0.01669617049268897, 0.0025140184035198436, 0.9796591093807326, 0.0011307017230584296], [8.266441497575434e-09, 4.704083189602619e-09, 1.227964388489877e-08, 0.9999999747498314], [0.016988476578783655, 0.002562222771883314, 0.9792949169771801, 0.0011543836721531497], [0.00910625268930422, 0.0013067595985559218, 0.9890277779548496, 0.0005592097572900457], [0.06870105528863951, 0.006275623626568306, 0.9231704853459785, 0.0018528357388138646], [0.2177777405131096, 0.7124649877788971, 0.06321240923197247, 0.006544862476020776], [0.01949809042431844, 0.0029809905181532926, 0.9761582035453741, 0.0013627155121542771], [0.013839455284573891, 0.00204937682289634, 0.9832054604403013, 0.000905707452228465], [0.7310126261554859, 0.020656250628459577, 0.2447040601409785, 0.0036270630750760945], [0.021619266428879624, 0.003341653226966699, 0.9734932956388433, 0.0015457847053104493], [0.8874162854911769, 0.050218435055522787, 0.05928705053643916, 0.0030782289168610204], [0.006110201096377846, 0.0006992061135676858, 0.9929468417330914, 0.00024375105696297452], [0.889918319406726, 0.04875890245867634, 0.05831091511534039, 0.003011863019257168], [0.986902473491054, 0.0037652969955667727, 0.00899106633899858, 0.00034116317438058746], [0.9765905494599706, 0.007281537134110944, 0.015506170480123883, 0.0006217429257944357], [0.0028299878513300953, 0.00038330286145953725, 0.996631714584964, 0.00015499470224642102], [0.7377873352922248, 0.020451961976078657, 0.2381890703002819, 0.0035716324314147454], [4.246258512282692e-05, 5.408287825450434e-06, 0.9999500630983804, 2.0660286714121244e-06], [0.9495862909944199, 0.018123268014229872, 0.030917385825205024, 0.0013730551661452813], [0.4112312574956749, 0.4832243187280691, 0.09691555009535893, 0.008628873680897101], [0.02415138165218637, 0.9627002835519163, 0.011268482519743888, 0.0018798522761534382], [0.02013321999716594, 0.0030883443213863223, 0.9753615756935636, 0.0014168599878843096], [0.028641869251809244, 0.004577960324306288, 0.9645824144253828, 0.002197755998501504], [0.02180221583701102, 0.0033730429091815076, 0.9732628673314663, 0.0015618739223411506], [0.09715449981209882, 0.008343264036902909, 0.8921361127098538, 0.002366123441144389], [8.26644149570257e-09, 4.704083188536851e-09, 1.2279643882116668e-08, 0.9999999747498314], [0.009905356736166835, 0.0014296151413828598, 0.9880496808161905, 0.0006153473062597322], [0.025383293114751515, 0.0026292811796109266, 0.9711391689671439, 0.0008482567384936353], [0.07421639826056568, 0.8973742234762853, 0.02538507784334275, 0.003024300419806462], [0.9905428660726829, 0.0017657106732594115, 0.007481301309190925, 0.00021012194486666857], [0.8469727958102399, 0.015641822461838772, 0.13491738370507678, 0.0024679980228446644], [0.03299815195222322, 0.005376524206071336, 0.9589870983568143, 0.002638225484891115], [0.0036028302591143927, 0.0004216959576025677, 0.9958257137920701, 0.00014975999121303742], [0.024516226441201126, 0.0038438948106563043, 0.9698337212823388, 0.0018061574658037379], [8.266441500279676e-09, 4.7040831911414874e-09, 1.2279643888915871e-08, 0.9999999747498314], [8.266441493289275e-09, 4.704083187163547e-09, 1.2279643878531767e-08, 0.9999999747498314], [0.004753138663516665, 0.0006576252219518473, 0.9943178118678061, 0.00027142424672535454], [0.4245043186752199, 0.021837912831744986, 0.5489221638867365, 0.0047356046062984524], [8.26644149570257e-09, 4.704083188536851e-09, 1.2279643882116668e-08, 0.9999999747498314], [0.030152517924999327, 0.003069228714663485, 0.9658007482808163, 0.0009775050795208782], [0.7518007852621537, 0.019998442069328052, 0.2247483687274324, 0.003452403941085927], [0.02386188242423629, 0.0037294884927697412, 0.9706623302802145, 0.001746298802779426], [0.005023493799364809, 0.0006968636492792798, 0.9939912843984776, 0.0002883581528784516], [0.44030681734653937, 0.4507663848701134, 0.10020598888578029, 0.00872080889756707], [2.9774713047321922e-05, 0.9999561187407142, 1.2324413162802605e-05, 1.7821330756435967e-06], [0.027207589423073608, 0.004320287536786066, 0.9664132965737678, 0.00205882646637267], [0.032290782359787176, 0.005245233817483554, 0.9598991941507379, 0.0025647896719914035], [0.014313285853124224, 0.0021256211840706874, 0.9826188800825287, 0.000942212880276255], [0.6494389045372203, 0.23601871778555433, 0.10680972003810109, 0.007732657639124199], [0.990658359402065, 0.0017462504922363888, 0.007387721470770367, 0.00020766863492831605], [8.26644149570257e-09, 4.704083188536851e-09, 1.2279643882116668e-08, 0.9999999747498314], [0.0165568475360465, 0.0024910851199203697, 0.9798326102933873, 0.001119457050645959], [0.024655230900631517, 0.0038682703635881154, 0.969657546348616, 0.0018189523871644994], [0.3055494424638918, 0.6056883797466452, 0.08094436395209409, 0.00781781383736885], [0.020158804594397797, 0.003092680268636254, 0.9753294620647258, 0.0014190530722400661], [0.003554133635811172, 0.00048555962495129475, 0.9957623336264797, 0.00019797311275789267], [0.4770663190034393, 0.0226095915919226, 0.4955862299643912, 0.004737859440246714], [8.266441497575434e-09, 4.704083189602619e-09, 1.227964388489877e-08, 0.9999999747498314], [0.9578469925765679, 0.014579739075908317, 0.026431176555337624, 0.0011420917921861951], [0.8080980360776351, 0.10267936308723166, 0.08420066785636793, 0.0050219329787654044], [0.032135326763746176, 0.005216464542089029, 0.9600994575507944, 0.0025487511433704953], [0.9524826833628447, 0.016859396422205276, 0.029365874422222802, 0.0012920457927271976], [0.1930313308619027, 0.014017994875670702, 0.7893522507753198, 0.00359842348710676], [0.02409183380493977, 0.0037696298127917463, 0.970371271705154, 0.0017672646771145206], [8.26644151654937e-09, 4.704083200399886e-09, 1.2279643913084201e-08, 0.9999999747498314], [0.007860964251297266, 0.0011174832767482002, 0.9905478421119548, 0.0004737103599997323], [0.0195854892408119, 0.0029957306937568153, 0.9760486478610526, 0.0013701322043787906], [0.6974087204721906, 0.02153301724746607, 0.27717704959909706, 0.003881212681246232], [8.266441493344794e-09, 4.70408318719514e-09, 1.2279643878614238e-08, 0.9999999747498314], [0.5478557623333316, 0.023056895484927196, 0.42447406835142315, 0.004613273830318073], [0.007438070596534553, 0.9887575552201213, 0.0032904560806680232, 0.0005139181026759405], [0.029991949088466908, 0.004822892676437959, 0.9628538870916727, 0.002331271143422364], [0.997723949458212, 0.00046983780198461226, 0.0017533895072311247, 5.2823232572422244e-05], [8.266441498490435e-09, 4.7040831901233075e-09, 1.2279643886257993e-08, 0.9999999747498314], [0.9932379046773624, 0.0013014927489263478, 0.005308309640501112, 0.00015229293321017125], [0.9804328464713871, 0.005925578534922874, 0.01312509151352865, 0.0005164834801613249], [0.02899212963905063, 0.004641283113754432, 0.9641344487249294, 0.0022321385222655106], [0.008006243406435456, 0.0011394247835202816, 0.9903707732252439, 0.0004835585848003512], [0.031884677707103175, 0.005170142068613647, 0.9604222130165202, 0.002522967207762852], [0.6998313626251393, 0.021477142005066653, 0.2748274642973501, 0.003864031072443803], [0.9713961052594263, 0.009194321377176407, 0.018644545244687713, 0.0007650281187094953], [0.08632753254255852, 0.007581503406272172, 0.9039097569510204, 0.002181207100148893], [0.0022460010046396845, 0.0003018508663237575, 0.9973309867662516, 0.00012116136278498603], [0.01565305716235279, 0.002342988227571349, 0.980956767557997, 0.001047187052078825], [8.266441532666568e-09, 4.7040832095715024e-09, 1.2279643937025994e-08, 0.9999999747498314], [0.00036448687987631755, 4.4921317291973456e-05, 0.9995739231145129, 1.6668688318778257e-05], [0.028435449516217456, 0.004540715077489792, 0.9648462583049751, 0.0021775771013177415], [0.7505133293174776, 0.020041885463660803, 0.2259811679502654, 0.0034636172685962026], [0.0003296906093244784, 0.999515702930846, 0.0001352445564538696, 1.9361903375836484e-05], [0.35672769085075595, 0.02030440753275108, 0.6183616800474915, 0.0046062215690014265], [0.024867349326779066, 0.961565240928573, 0.011623760428854322, 0.0019436493157938327], [0.030858245413568363, 0.004981268806063507, 0.9617421330884492, 0.002418352691918851], [0.00260855243363069, 0.00030875830805056825, 0.9969720084909851, 0.00011068076733384123], [0.004983479494972443, 0.0005756618407916051, 0.9942386292663394, 0.00020222939789644117], [0.2386233691214625, 0.016157304429894524, 0.7412258875561941, 0.003993438892448707], [0.029130745632556385, 0.004666386140497991, 0.9639570732763759, 0.0022457949505696713], [0.10513745666288885, 0.008886841275836142, 0.8834805077222854, 0.002495194338989621], [0.3648442969677092, 0.020519951769984633, 0.6100061563754501, 0.004629594886856175], [0.026572973838296595, 0.004207115268821494, 0.9672216036159142, 0.001998307276967586], [0.0022215726516122535, 0.00026425734887288826, 0.9974190470405437, 9.51229589711815e-05], [0.24194957644601334, 0.01630098304498601, 0.7377310425914047, 0.004018397917595889], [0.023506082949967453, 0.003667514889643393, 0.9711123945029184, 0.0017140076574707081], [0.4497135796658434, 0.022253860644025174, 0.5232855481147565, 0.0047470115753749575], [8.266441528241962e-09, 4.704083207053646e-09, 1.2279643930453325e-08, 0.9999999747498314], [0.020852561477396264, 0.0032105915729161837, 0.9744579711726348, 0.0014788757770526134], [8.266441497575434e-09, 4.704083189602619e-09, 1.227964388489877e-08, 0.9999999747498314], [0.9578650492165097, 0.014572202076077258, 0.026421161333998886, 0.0011415873734140203], [8.266441498490435e-09, 4.7040831901233075e-09, 1.2279643886257993e-08, 0.9999999747498314], [0.017795574958418867, 0.0019025955523077722, 0.9796731802346594, 0.0006286492546140622], [8.266441532666568e-09, 4.7040832095715024e-09, 1.2279643937025994e-08, 0.9999999747498314], [0.996861465426259, 0.0008005292808480609, 0.0022591431203180523, 7.886217257486689e-05], [0.012553548648717055, 0.0013777377564753396, 0.9856041706762527, 0.00046454291855504087], [0.9920830808717154, 0.0015030915347589914, 0.006236602206728541, 0.0001772253867970321], [0.9960331642279262, 0.0007938660517195772, 0.003082103573198126, 9.086614715618975e-05], [0.9738340510150474, 0.008285505469883127, 0.017182787076869176, 0.0006976564382003132], [0.021677215176874303, 0.0033515910016352745, 0.9734203180519789, 0.0015508757695115725], [0.03252174467080744, 0.005288032509029081, 0.9596015379434324, 0.0025886848767310913], [0.5576155971264352, 0.023063350104520108, 0.4147361687349261, 0.00458488403411878], [0.6703954408386317, 0.022082808634162884, 0.30346073093574166, 0.00406101959146377], [8.266441496964735e-09, 4.7040831892550954e-09, 1.2279643883991592e-08, 0.9999999747498314], [0.004156215193119937, 0.0005715533594203881, 0.995037718235037, 0.00023451321242254754], [0.0017660143784523805, 0.00023565177596438254, 0.997904379689166, 9.395415641714844e-05], [0.03003817740389063, 0.003058818330563596, 0.965928527858819, 0.0009744764067266932], [0.731035157949036, 0.16341496939767178, 0.09900105344367291, 0.0065488192096194815], [0.9088283214483069, 0.03815950297424016, 0.05050953400250795, 0.0025026415749448577], [0.4129612059684769, 0.4812776124389645, 0.09712527383883122, 0.008635907753727218], [0.8730747699792262, 0.05883137406129168, 0.06464038141083515, 0.003453474548646996], [8.266441499212173e-09, 4.704083190534017e-09, 1.2279643887330115e-08, 0.9999999747498314], [0.9951381103057899, 0.0012753863135418796, 0.0034632235746805506, 0.00012327980598768158], [0.4189191973161569, 0.47458797990541063, 0.09783420599612515, 0.00865861678230753], [0.02463476073093856, 0.003864679176570084, 0.9696834936582889, 0.0018170664342025084], [0.6223940074941053, 0.022747032573297948, 0.3505307395942482, 0.004328220338348513], [0.5831643880508023, 0.30011123316139293, 0.1083626792953109, 0.008361699492493784], [0.004666743413887315, 0.0006451191790141296, 0.9944220964678787, 0.0002660409392195917], [0.0259413501878845, 0.004094989876258853, 0.9680250090579425, 0.0019386508779140733], [5.629315471675254e-05, 7.041443980548395e-06, 0.9999340184128386, 2.646988464200207e-06], [0.020252649206497823, 0.0031085921586517795, 0.9752116533394025, 0.001427105295447786], [0.38609630140882767, 0.021043137587131146, 0.5881801154758572, 0.004680445528183876], [0.005348418644474701, 0.0007442260037285079, 0.9935984711438272, 0.0003088842079696169], [0.056376845918657034, 0.0053085285405143024, 0.9367147804841903, 0.0015998450566383476], [0.009385418203170437, 0.0013495572217309577, 0.9886863150264932, 0.0005787095486052957], [0.10142746341398828, 0.008636069612841722, 0.8875005228092179, 0.002435944163952282], [0.019744337078408527, 0.003022547682253477, 0.975849475362666, 0.001383639876672], [0.5462738775215839, 0.023054559066358928, 0.42605394210102715, 0.004617621311030023], [0.1689869468856254, 0.012755230373198069, 0.8149113964394785, 0.0033464263016980546], [8.266441498490435e-09, 4.7040831901233075e-09, 1.2279643886257993e-08, 0.9999999747498314], [0.9816315683087217, 0.005513318494285657, 0.012371313714176718, 0.00048379948281606434], [0.002402023775459814, 0.0003235183872123743, 0.9971443331803621, 0.00013012465696574612], [8.26644150464876e-09, 4.70408319362775e-09, 1.2279643895406068e-08, 0.9999999747498314], [0.061501205883619424, 0.0057164660824448165, 0.9310747046381681, 0.0017076233957676297], [8.266441652036696e-09, 4.704083277500008e-09, 1.2279644114348079e-08, 0.9999999747498309], [8.266441520183365e-09, 4.7040832024678375e-09, 1.2279643918482433e-08, 0.9999999747498314], [0.9998151358669344, 4.3234639893461006e-05, 0.00013712323207009107, 4.506261102062969e-06], [0.991927154526309, 0.0015299925650865927, 0.006362279128644234, 0.00018057377996014243], [0.2258660979213621, 0.015590937622775455, 0.7546499307051144, 0.0038930337507479514], [0.04284015601650921, 0.004187021558653169, 0.9516777872503299, 0.0012950351745076153], [0.933642506641672, 0.008955658414177444, 0.056147489104407644, 0.0012543458397428651], [0.0305792504418646, 0.004930159838332648, 0.9621004028388662, 0.0023901868809363585], [0.008898436021533378, 0.0012749860557926768, 0.9892818057386823, 0.0005447721839916342], [0.02686716649318822, 0.004259515073794296, 0.9668470283130084, 0.002026290120009101], [0.8390074487022083, 0.08088533678982963, 0.07580229237283544, 0.004304922135126446], [0.9350715870842676, 0.024790321356578215, 0.038359622249750126, 0.0017784693094041132], [0.023760907760137163, 0.0037118837539961242, 0.970790092183996, 0.001737116301870586], [0.9532777442035267, 0.016516471563405064, 0.028935972792418753, 0.0012698114406494354], [0.26462987822596273, 0.017237600159847905, 0.713956837506589, 0.004175684107600312], [0.012244848996005617, 0.0017952656300164235, 0.9851746297133924, 0.0007852556605854089], [0.2847199995812117, 0.01800585093708294, 0.6929771004579814, 0.004297049023723927], [0.02328336204774, 0.0036288055344583527, 0.9713939461243467, 0.0016938862934548684], [0.015215850135291724, 0.0022717677486384772, 0.981499735247679, 0.001012646868390846], [0.9357705437467345, 0.024456902344645592, 0.03801356117482309, 0.00175899273379688], [0.03155416992865414, 0.0031963211622684055, 0.9642351411053951, 0.0010143678036822347], [0.8111410725467252, 0.10046316609500028, 0.08344189891153611, 0.004953862446738316], [0.2945329207971046, 0.01836058372682259, 0.6827560089341258, 0.00435048654194696], [0.9986399270598687, 0.00028700091167585523, 0.0010412190795968566, 3.1852948858526885e-05], [0.014360883665182332, 0.0021332985460174834, 0.9825599198535591, 0.0009458979352409796], [0.0025237471995566215, 0.0002990341608450053, 0.9970699292563862, 0.00010728938321230528], [0.853528061189854, 0.07122079722808329, 0.07130178535946716, 0.003949356222595406], [0.9054221498051775, 0.040011220932979284, 0.051971341590192975, 0.0025952876716501374], [0.025627692177777647, 0.004039500434720531, 0.9684235676877992, 0.0019092396997025724], [0.9178504651813764, 0.010448283438700242, 0.07019802015704661, 0.0015032312228765836], [0.9890631856175724, 0.003081264643438887, 0.007572247141355743, 0.0002833025976330022], [0.0009148820999542443, 0.00012019165213277392, 0.9989176967604436, 4.722948746940879e-05], [0.02585210499119257, 0.004079188535403579, 0.9681384383795436, 0.0019302680938601516], [8.266441498490435e-09, 4.7040831901233075e-09, 1.2279643886257993e-08, 0.9999999747498314], [0.9859627246623387, 0.004068918288396579, 0.009601907528957116, 0.0003664495203077514], [0.8094829354628839, 0.01765003910213093, 0.16997310591252843, 0.0028939195224567137], [0.18692577577451075, 0.013706516799210526, 0.7958302069064641, 0.0035375005198145597], [0.9981543695762646, 0.00038467897354344975, 0.0014179457625289268, 4.3005687663089075e-05], [0.00019559599805532045, 2.4263900769391976e-05, 0.9997710852621616, 9.054839013664139e-06], [0.0011363081942185446, 0.000137470378935141, 0.998676021381296, 5.020004555031481e-05], [0.024666008842870464, 0.003870161412263946, 0.9696438841254594, 0.0018199456194060426], [8.266441577550718e-09, 4.7040832351131804e-09, 1.2279644003700563e-08, 0.9999999747498312], [0.7359789703981011, 0.02050743088415287, 0.23992703038168534, 0.0035865683360606477], [0.001443238070963635, 0.00019155315095483702, 0.9982892186661536, 7.599011192792527e-05], [8.26644150464876e-09, 4.70408319362775e-09, 1.2279643895406068e-08, 0.9999999747498314], [0.015166637356304623, 0.0022637683798161596, 0.9815608180981839, 0.0010087761656955314], [0.00011231852183236195, 1.4381464063667717e-05, 0.9998677798934781, 5.520120625939072e-06], [0.9918717074476138, 0.002223356585467594, 0.005696170209924457, 0.00020876575699424992], [0.026380500512214383, 0.004172893197916785, 0.967466538935527, 0.001980067354341898], [0.05141343572759134, 0.9185232916602087, 0.0254661213943541, 0.004597151217845651], [0.2205184086570926, 0.015346208404158129, 0.7602866996716822, 0.0038486832670670806], [0.0047304621305831315, 0.0006543411443214964, 0.9943451867848958, 0.0002700099401993698], [0.020093739645190505, 0.003081655131412026, 0.9754111276239942, 0.0014134775994033063], [0.3333950957328832, 0.019636097939530646, 0.6424423110993919, 0.004526495228194252], [0.006024327088325448, 0.0008434405166712328, 0.9927800547597692, 0.0003521776352342126], [0.2001302675936697, 0.014372512175092349, 0.7818304673166167, 0.003666752914621417], [0.003173884280180599, 0.9952437407177046, 0.0013734146630094005, 0.00020896033910546764], [0.018793683846652847, 0.002862570650104058, 0.9770404098064203, 0.0013033356968227855], [0.9536630180434452, 0.006815376290060459, 0.0386048506600298, 0.0009167550064645437], [0.806730322442893, 0.017781315367752615, 0.17256520704749917, 0.002923155141855077], [0.007882816338673444, 0.0008902719310164471, 0.9909198326445697, 0.0003070790857402655], [0.9989707022753243, 0.00021932961873004597, 0.0007857660559336201, 2.4202050012037327e-05], [8.266441676501337e-09, 4.704083291421804e-09, 1.2279644150689853e-08, 0.9999999747498309], [0.7250114137611091, 0.020829292238958054, 0.25048431736831667, 0.003674976631616308], [0.028516483396696293, 0.004555329935051983, 0.964742695374359, 0.002185491293892614], [0.9865486670728467, 0.0024180986858623665, 0.010739495822737345, 0.00029373841855349583], [0.9964770893672993, 0.0009047191630801382, 0.002529472359211136, 8.871911040935911e-05], [0.016179137072396405, 0.0024290507621408624, 0.980302700303423, 0.0010891118620398239], [0.02531346723336047, 0.003984038076871234, 0.9688225774376908, 0.001879917252077429], [0.022535542796153326, 0.0023606567716231617, 0.9743357862095935, 0.0007680142226300479], [0.008848930227103795, 0.001267427892960218, 0.9893422990757098, 0.0005413428042262696], [0.5286799038796876, 0.023004573362431384, 0.4436543347195437, 0.004661188038337402], [0.9936740811644563, 0.0016931083897037656, 0.004471399368277769, 0.00016141107756226654], [8.26644149570257e-09, 4.704083188536851e-09, 1.2279643882116668e-08, 0.9999999747498314], [0.35605165589082555, 0.02028606151318647, 0.6190581079874612, 0.004604174608526736], [0.9758559028258416, 0.004008189578634272, 0.019628226119534825, 0.0005076814759892331], [0.9506817860636941, 0.007154340954107845, 0.04119513380259303, 0.0009687391796048546], [0.8572952913665195, 0.015010319440947797, 0.12535317965607023, 0.0023412095364626594], [0.0235611515204469, 0.002457939730317431, 0.9731837132645076, 0.0007971954847281991], [8.26644153940888e-09, 4.7040832134082705e-09, 1.2279643947041573e-08, 0.9999999747498314], [0.016018960011483986, 0.0017270328259004998, 0.9816796903689781, 0.0005743167936374195], [0.019498911117098006, 0.002981128882987622, 0.9761571748939888, 0.0013627851059256641], [0.2845284510852305, 0.017998793549421313, 0.6931767869425575, 0.004295968422790701], [0.9989505705584496, 0.0002234774823487472, 0.0008012828978725989, 2.4669061329095282e-05], [0.9986479736008153, 0.0002853663087414037, 0.0010349927172626859, 3.16673731806531e-05], [0.01768625109180539, 0.00267777922306305, 0.9784245611908544, 0.0012114084942771244], [0.0995947468989455, 0.8636450832766944, 0.03295123194269897, 0.0038089378816610594], [0.22070782336460196, 0.015354951348710502, 0.7600869478203249, 0.0038502774663625975], [8.266441690735115e-09, 4.704083299521646e-09, 1.2279644171833855e-08, 0.9999999747498309], [0.9722251043359256, 0.008883127418227785, 0.018149671367747887, 0.0007420968780987286], [0.028421124848269655, 0.002910884540838526, 0.9677367050881576, 0.000931285522734148], [0.030377639967594947, 0.0048932878755360695, 0.9623591672956977, 0.0023699048611712185], [0.024117266858374422, 0.0037740737594825096, 0.9703390711948527, 0.001769588187290315], [0.01584947157390616, 0.002375073638695495, 0.9807126613083016, 0.0010627934790968126], [0.9997033619074943, 6.515011948208076e-05, 0.00022442830549996353, 7.059667523670802e-06], [0.021222294859609463, 0.0032736961112294714, 0.9739929716592969, 0.0015110373698642508], [0.006487040466184818, 0.0007401469734816302, 0.9925154050088975, 0.0002574075514360974], [0.9535561089000653, 0.016396819052101663, 0.028785044738851608, 0.001262027308981526], [0.9337728669987913, 0.02541307807637945, 0.03899941476987638, 0.001814640154952799], [0.014801096808915063, 0.00220446134046898, 0.9820143072138786, 0.0009801346367371566], [0.9757507469442225, 0.0075847080953151584, 0.016019706091852198, 0.0006448388686100755], [0.013506587336197565, 0.001996014741012209, 0.9836171408708335, 0.0008802570519566757], [0.23806720645700516, 0.016133120540357426, 0.7418104559759525, 0.003989217026684939], [0.005192929946047093, 0.0007215338862103253, 0.993786497963717, 0.00029903820402561043], [0.6229206643703072, 0.02274180607534075, 0.3500118828396084, 0.004325646714743566], [0.9999961090773118, 8.886493880533472e-07, 2.908264348480402e-06, 9.4008951650512e-08], [0.9945681465477598, 0.0010636875435261648, 0.004244902442035223, 0.00012326346667892549], [0.03180093018432353, 0.005154682219336091, 0.9605300145506176, 0.002514373045722928], [0.9862893946028441, 0.003962965342163944, 0.009389988248499868, 0.000357651806491951], [8.26644151654937e-09, 4.704083200399886e-09, 1.2279643913084201e-08, 0.9999999747498314], [7.671928685049733e-05, 9.799861199024258e-06, 0.9999097273970197, 3.7534549308673117e-06], [0.9585763976512325, 0.006239168299306799, 0.03435477651968611, 0.0008296575297747063], [0.00018370967449009233, 2.2801966232735187e-05, 0.9997849749731598, 8.513386117236713e-06], [0.24626808342936388, 0.01648509076511233, 0.733196758826321, 0.004050066979202863], [0.3883397268682915, 0.021094896157809878, 0.5858804231211768, 0.004684953852721759], [0.8594622316390814, 0.06738258840088847, 0.06935435127865984, 0.003800828681370256], [0.007719778947807143, 0.0008728539341619383, 0.9911060197584942, 0.0003013473595365666], [0.002855105545772644, 0.00038682715154865645, 0.9966016003751323, 0.00015646692754627892], [0.6100942373167969, 0.022856571827665553, 0.36266310580116473, 0.00438608505437278], [8.266441494703943e-09, 4.704083187968574e-09, 1.2279643880633227e-08, 0.9999999747498314], [0.926591474705409, 0.009641140158607162, 0.06240014756496252, 0.001367237571021119], [0.8759705572931561, 0.01377011352915156, 0.10815871136964152, 0.002100617808050573], [0.03703969113381893, 0.003684806101446726, 0.9581213126280417, 0.0011541901366925913], [0.03330285427647986, 0.003353550845251633, 0.962283904873412, 0.0010596900048563905], [0.5793476848065393, 0.0230278309224499, 0.39311248781105845, 0.004511996459952277], [0.029134574526252476, 0.0046670798894703925, 0.9639521730128752, 0.0022461725714017938], [0.8087047900319964, 0.10223628126030793, 0.0840505232738302, 0.005008405433865574], [0.9272609575461747, 0.009577420587446046, 0.06180497803474471, 0.0013566438316344885], [0.5607699897676153, 0.32266955061057084, 0.10805299687637179, 0.008507462745441997], [0.0011572388140814645, 0.00015278909021945595, 0.9986296558903464, 6.031620535284659e-05], [0.973757597242939, 0.0042987440218594285, 0.021395442921102945, 0.0005482158140987437], [0.7333578191480709, 0.16146432212404532, 0.09866934281887603, 0.006508515909007919], [0.982200537119247, 0.005319490779784651, 0.012011657164639282, 0.0004683149363291529], [0.003977140554198045, 0.0005458881656259634, 0.9952533998821554, 0.00022357139802071764], [0.9133004485250189, 0.010851061775483494, 0.07427612471717286, 0.001572364982324676], [0.02918400519874633, 0.0046760377930609, 0.9638889074604009, 0.0022510495477919535], [0.022852120913118966, 0.0035540402841047914, 0.9719387110600124, 0.001655127742763938], [0.015992246617877313, 0.001724375696333512, 0.9817098873679454, 0.0005734903178437224], [0.02986875762702579, 0.0048004476543089996, 0.9630118172679188, 0.0023189774507463294], [0.9147229193552585, 0.010726368495440185, 0.07299984163702466, 0.0015508705122768602], [8.266441577550718e-09, 4.7040832351131804e-09, 1.2279644003700563e-08, 0.9999999747498312], [0.01597545819336106, 0.0023956834349650154, 0.9805560253060155, 0.0010728330656583716], [0.9981242469239857, 0.00039068011419775305, 0.0014413781919552719, 4.3694769861282524e-05], [8.266441510071992e-09, 4.704083196713882e-09, 1.2279643903462178e-08, 0.9999999747498314], [0.9983724192480317, 0.00034104053363997105, 0.001248532123208407, 3.800809511991999e-05], [0.6173428878040784, 0.022794913671343814, 0.3555096952509312, 0.004352503273646585], [8.266441494703943e-09, 4.704083187968574e-09, 1.2279643880633227e-08, 0.9999999747498314], [0.8866590511465641, 0.012998606459266726, 0.09838625126903183, 0.0019560911251375363], [0.0007258151550821876, 8.856495199326177e-05, 0.9991530396065953, 3.258028632929158e-05], [0.9945338094346449, 0.0014463147738203919, 0.00388089658375066, 0.0001389792077840704], [0.24827519455317335, 0.6748514226352291, 0.06982074403073509, 0.0070526387808624], [0.030872254367918496, 0.004983837681598321, 0.9617241379600445, 0.002419769990438662], [0.0009993644356467866, 0.00012122400210456812, 0.9988350435220995, 4.4368040148977824e-05], [0.015759232132347832, 0.0023603256247260035, 0.9808248257556097, 0.0010556164873164202], [0.12427246716468296, 0.7904942376773615, 0.06996765691227702, 0.015265638245678703], [0.030434880500489207, 0.004903751229833425, 0.962285711099687, 0.0023756571699904225], [8.266441498490435e-09, 4.7040831901233075e-09, 1.2279643886257993e-08, 0.9999999747498314], [0.0027995807739143144, 0.00037903866082112585, 0.9966681662820497, 0.00015321428321475754], [0.03438105066158334, 0.9463509621503796, 0.01643783289086703, 0.002830154297169901], [0.004165165639978268, 0.00048477652677427646, 0.9951786964864544, 0.00017136134679299463], [0.8538025663204599, 0.015228106567633242, 0.12858473635515497, 0.0023845907567518936], [0.012009651955098736, 0.001322025020584281, 0.9862215102998869, 0.00044681272443008546], [0.029280703527907823, 0.0046935705598976345, 0.9637651254834959, 0.002260600428698652], [0.22787889937964143, 0.015681923736932946, 